009000000000589985200000000000
000090000000589985520000000000
000000000000581985452000000000
000090000000589985045200000000
009000000000589985004520000000
000000000000589185000452000000
000000000000589985000045200000
555555555555589985555555555555
888888888888589985888888888888
999909999999999999999939999999
888888888888589985888888888888
555555555555589985555555555555
000000000000589985000000000000
000000000000589985000066000000
000022000000589985005600650000
000033000000589985056111165000
000044000000589985005600650000
000055000000589985000066000000
000000000000589985000000000000
000000000000589985000000000000